[?25l[0m [38;2;0;0;0m                                                 [0m
 [38;2;0;0;0m                                                 [0m
 [38;2;0;0;0m                                                 [0m
 [38;2;0;0;0m                      [0m [38;2;79;23;23m▂[38;2;153;38;38m▄[38;2;27;5;5m╴                       [0m
 [38;2;0;0;0m        [0m [38;2;10;10;14m▁          [0m [38;2;140;37;37m▃[38;2;192;49;49m▅[38;2;206;54;54;48;2;155;41;41m▇[38;2;31;7;7;48;2;55;14;14m╴[0m [38;2;0;0;0m            [0m [38;2;73;25;26m▁[38;2;151;51;54m▂[38;2;178;59;63m▃[38;2;161;53;57m▄[38;2;192;64;68m▅[38;2;192;65;69m▅[38;2;186;61;65m▅[38;2;174;58;62m▃[38;2;86;28;30m▁[0m [0m
 [38;2;0;0;0m        [7m[38;2;33;33;42m▍[0m[38;2;42;42;54;48;2;11;11;13m▌[0m [38;2;0;0;0m    [38;2;56;56;69m▗[38;2;23;23;29m╴  [38;2;170;49;49m┏[38;2;195;50;50;48;2;88;26;26m▇[38;2;225;62;62;48;2;202;51;51m▆[38;2;187;50;50;48;2;223;62;62m▁[38;2;19;2;2;48;2;51;13;13m╴[0m [38;2;0;0;0m         [0m [38;2;108;36;38m▁[38;2;172;52;56m▃[38;2;204;63;68m▅[38;2;207;66;71m▇[38;2;230;73;79;48;2;129;46;48m▇[48;2;231;73;79m  [38;2;231;73;79;48;2;232;75;81m┈[48;2;245;106;107m▅[48;2;240;95;97m▅[48;2;231;73;79m  [38;2;221;65;71;48;2;128;40;43m▇[0m[38;2;109;25;28m▍[0m
 [38;2;0;0;0m        [7m[38;2;31;31;39m▍[0m[38;2;49;49;61;48;2;36;36;48m▉[38;2;43;43;54;48;2;2;2;3m▖[0m[38;2;100;100;105m▂[38;2;43;43;52m▁[38;2;40;40;50m▁[38;2;44;44;55m▂[38;2;52;52;65;48;2;33;33;41m▉[38;2;132;132;132;48;2;28;28;35m▂[0m[38;2;153;153;157m▄[38;2;178;178;180m▅[38;2;148;82;83;48;2;96;28;28m▇[38;2;194;47;47;48;2;226;62;62m▍[38;2;221;61;61;48;2;172;45;45m▉[38;2;150;40;40;48;2;5;1;1m▘[0m [38;2;0;0;0m      [0m [38;2;136;35;38m▁[38;2;146;39;42m▃[38;2;199;64;69m▄[38;2;196;61;66m▇[38;2;231;73;79;48;2;156;53;56m▇[38;2;196;60;65;48;2;231;73;79m▁[38;2;92;23;25;48;2;217;67;72m▁[0m[7m[38;2;180;56;60m▂[38;2;95;30;32m┈[0m    [7m[38;2;88;28;30m┈┈[0m   [0m
 [38;2;0;0;0m       [0m [38;2;43;43;54m▂[7m[38;2;43;43;53m╸[0m[38;2;21;21;21;48;2;43;43;54m▝[38;2;26;26;26;48;2;123;123;123m▖[38;2;170;170;172;48;2;70;70;85m▇[38;2;51;51;61;48;2;145;145;150m▄[38;2;57;57;71;48;2;61;61;74m┊[38;2;54;54;68;48;2;16;16;21m▚[38;2;52;52;65;48;2;132;132;132m▇[38;2;54;54;68;48;2;200;200;200m▇[38;2;69;69;82m▇[38;2;135;105;105;48;2;127;45;49m▘[38;2;210;55;55;48;2;185;48;48m▉[38;2;135;37;38;48;2;51;19;22m▌[38;2;61;9;11;48;2;150;37;41m▖[38;2;205;45;51;48;2;67;17;19m▗[0m[38;2;104;23;25m▄[38;2;152;39;43m▄[38;2;153;40;43m▄[38;2;176;43;47m▄[38;2;171;39;44m▅[38;2;162;37;42m▇[38;2;186;41;46;48;2;52;22;22m▇[38;2;0;0;0;48;2;206;46;52m▂[38;2;216;48;54;48;2;152;34;38m╴[0m[7m[38;2;192;49;54m▃[38;2;193;57;62m▄[0m  [7m[38;2;38;16;16m▇[0m[38;2;0;0;0m           [0m
 [38;2;0;0;0m      [38;2;43;43;54m▗[38;2;59;59;74m▇[38;2;68;68;84;48;2;62;62;77m▇[48;2;59;59;73m▉[38;2;56;56;70;48;2;39;39;49m▄[38;2;145;144;150;48;2;47;47;56m▁[38;2;219;218;220;48;2;62;62;76m▁[38;2;34;34;43;48;2;51;51;64m╴[38;2;61;61;76;48;2;51;51;63m▏[38;2;15;15;19;48;2;49;49;61m▘[38;2;185;185;188;48;2;76;76;91m▃[38;2;230;229;230;48;2;105;105;115m▖[38;2;111;110;120;48;2;58;58;70m╸[38;2;143;143;145;48;2;68;51;58m▁[38;2;206;200;202;48;2;183;62;63m▃[38;2;96;25;27;48;2;187;56;58m▗[38;2;23;5;5;48;2;168;42;46m▘[38;2;215;48;54;48;2;154;40;44m▇[38;2;183;38;43;48;2;3;0;0m▋[0m      [38;2;0;0;0m                  [0m
 [38;2;0;0;0m    [0m [38;2;55;55;69m▗[38;2;68;68;84;48;2;59;59;74m┈[0m[7m[38;2;57;57;70m▁[38;2;28;28;35m┈[0m [38;2;33;14;14;48;2;137;51;56m▉[38;2;184;179;183;48;2;179;72;80m▝[38;2;55;46;57;48;2;206;205;207m▂[38;2;183;182;183;48;2;53;53;64m▘[38;2;58;58;72;48;2;33;33;42m▋[38;2;45;45;56;48;2;66;66;82m▏[38;2;62;62;77;48;2;159;159;160m▇[38;2;66;58;69;48;2;137;137;140m▆[38;2;151;150;155;48;2;98;49;56m╶[38;2;153;50;53;48;2;183;131;135m▘[38;2;218;217;219;48;2;191;90;96m▘[38;2;219;71;78;48;2;158;50;58m▇[38;2;144;44;49;48;2;226;66;72m▁[38;2;81;28;34;48;2;201;44;50m▅[0m[7m[38;2;37;31;40m▝[0m  [38;2;14;14;19m┈[0m [38;2;0;0;0m                    [0m
 [38;2;0;0;0m   [38;2;40;40;51m▁[7m[38;2;47;47;59m▘[0m[38;2;35;35;45;48;2;64;64;80m▗[0m[7m[38;2;14;14;18m┈[0m [38;2;0;0;0m  [0m [7m[38;2;175;58;62m▄[38;2;180;62;68m▁[0m[38;2;202;66;72;48;2;66;60;74m▄[38;2;152;47;51;48;2;52;48;59m▁[38;2;95;29;32;48;2;59;59;73m▁[38;2;231;73;79;48;2;61;47;57m▁[38;2;53;19;21;48;2;167;56;61m┘[38;2;159;48;51;48;2;206;63;67m╵[38;2;77;24;26;48;2;226;71;77m▁[38;2;157;47;50;48;2;206;63;68m╷[38;2;21;21;28;48;2;169;57;62m┮[38;2;63;63;78;48;2;113;45;54m▇[48;2;68;68;84m [38;2;48;48;61;48;2;16;16;21m▋[38;2;47;47;58;48;2;19;19;24m╴[38;2;44;44;56;48;2;35;35;44m┈[38;2;16;16;21;48;2;14;14;18m╴[0m [38;2;0;0;0m                    [0m
 [38;2;0;0;0m [0m [38;2;39;39;50;48;2;20;20;25m┈[38;2;85;28;32;48;2;44;36;45m▖[38;2;108;31;34;48;2;44;44;55m▗[38;2;151;40;43;48;2;44;35;44m▁[38;2;38;38;49;48;2;11;11;15m╴[0m [38;2;0;0;0m  [0m [38;2;59;34;44m▂[38;2;94;37;51m▃[38;2;112;40;55;48;2;49;16;17m▄[38;2;32;32;40;48;2;148;44;54m━[38;2;78;63;73;48;2;200;62;67m▆[38;2;65;51;63;48;2;231;73;79m▆[38;2;9;9;12;48;2;113;56;66m━[38;2;27;13;14;48;2;82;33;37m┓[38;2;64;29;33;48;2;185;51;51m▁[38;2;136;42;42;48;2;215;59;59m─[38;2;184;53;54;48;2;58;39;48m▌[38;2;51;51;64;48;2;68;68;84m▁ [38;2;55;55;69;48;2;7;7;10m▋[38;2;9;9;12;48;2;42;42;53m▝[38;2;63;63;78;48;2;28;28;36m▄[0m[38;2;61;61;76m▅▅[38;2;57;57;71m▅[38;2;55;55;69m▄[38;2;46;46;57m▃[38;2;39;39;50m▁                [0m
[38;2;22;22;28m▗[38;2;61;61;76m▄[38;2;10;10;13;48;2;36;35;45m▗[38;2;49;49;61;48;2;105;35;39m▄[38;2;63;55;69;48;2;15;15;19m▋[0m[7m[38;2;132;33;33m▃[0m[38;2;16;16;21;48;2;71;34;40m╴[38;2;68;68;84;48;2;53;53;66m┈[38;2;43;43;54;48;2;11;11;15m╴[0m[38;2;43;43;54m  [7m[38;2;85;58;65m▉[0m[38;2;149;115;122;48;2;144;38;54m▃[38;2;200;200;200;48;2;139;35;53m▁[38;2;182;169;170;48;2;161;94;104m┐[38;2;155;148;151;48;2;116;71;82m╼[38;2;63;63;75;48;2;154;143;148m▆[38;2;50;50;62;48;2;65;65;80m▄▆[48;2;50;50;62m [38;2;44;44;56;48;2;51;48;59m┊[38;2;56;42;51;48;2;185;51;51m▆[38;2;69;57;70;48;2;192;60;63m▅[38;2;67;67;83;48;2;56;56;69m▇[38;2;68;68;84;48;2;69;67;83m┈[38;2;107;35;38;48;2;44;40;50m▘[38;2;32;32;41;48;2;55;55;69m▖[48;2;68;68;84m [38;2;137;137;144m▗[38;2;163;131;137;48;2;77;77;91m▄[38;2;139;93;104;48;2;167;131;137m▚[38;2;146;40;56;48;2;170;170;173m▆[38;2;139;40;56m▆[38;2;159;45;60;48;2;137;115;122m▄[0m[38;2;110;49;58m▆[0m [38;2;0;0;0m              [0m
  [38;2;22;22;30m▝[38;2;0;0;0;48;2;33;33;42m┈[0m    [38;2;0;0;0m   [0m [7m[38;2;60;60;65m▆[38;2;58;58;65m▃[0m[38;2;47;47;58;48;2;33;33;38m╴[38;2;0;0;0;48;2;37;37;46m┈[38;2;15;15;20;48;2;49;49;61m▃[38;2;26;26;34;48;2;50;50;62m▃[38;2;0;0;0m▁▁[38;2;26;26;34m▃[38;2;29;29;37;48;2;41;41;52m┃[48;2;68;68;84m   [38;2;38;38;47;48;2;66;66;82m▁[38;2;11;11;14;48;2;9;9;12m╴[0m[7m[38;2;79;79;87m▖[0m[38;2;189;181;181;48;2;117;97;107m╾[38;2;141;138;145;48;2;157;49;64m▃[38;2;169;130;136;48;2;165;36;52m▆[38;2;200;200;200;48;2;155;63;76m▁[38;2;182;182;184;48;2;152;79;90m▁[38;2;175;140;144;48;2;130;85;97m━[38;2;55;55;69;48;2;147;116;123m▄[0m[38;2;0;0;0m╴              [0m
 [38;2;0;0;0m              [0m [38;2;24;24;31m▁[7m[38;2;13;13;17m┈[0m[38;2;0;0;0;48;2;33;33;41m╸[38;2;50;50;62;48;2;47;47;58m┈[38;2;32;32;40;48;2;27;27;34m╴[0m [38;2;41;41;51;48;2;66;66;82m▍[38;2;68;68;84;48;2;62;62;77m▉[38;2;65;65;80;48;2;36;36;45m╴[0m   [7m[38;2;45;45;56m▆[38;2;51;51;64m▄[38;2;69;69;81m▃[38;2;72;72;84m▃[38;2;70;70;82m▃[38;2;60;60;74m▃[0m[38;2;23;23;29;48;2;40;40;50m▝[0m[38;2;34;34;43m▅[38;2;37;37;47;48;2;30;30;38m┈[0m[38;2;38;38;48m▃[0m [38;2;4;4;6m           [0m
 [38;2;0;0;0m         [0m [38;2;39;39;50m┈[38;2;50;50;62;48;2;12;12;16m┈┈[48;2;13;13;17m╴[0m[38;2;61;18;19m╼[7m[38;2;104;36;38m▁[0m[38;2;116;34;34;48;2;162;48;50m▏[38;2;211;59;59;48;2;92;44;51m▘[38;2;28;28;36;48;2;23;23;30m╴[0m [38;2;50;50;62m▗[38;2;43;43;54;48;2;68;68;84m▘[38;2;63;63;79;48;2;16;16;20m▌[0m [38;2;0;0;0m         [0m [7m[38;2;20;20;26m▆[38;2;33;33;41m▖[0m[38;2;47;47;59;48;2;29;29;37m▅[38;2;54;54;67;48;2;11;11;15m▃[0m  [38;2;0;0;0m         [0m
 [38;2;0;0;0m               [0m [7m[38;2;29;29;36m▅[38;2;30;30;38m╴[0m[38;2;129;32;34;48;2;27;27;35m▂[38;2;167;38;38;48;2;46;35;43m▃[38;2;154;40;42;48;2;50;42;53m▖[38;2;39;16;19;48;2;66;50;62m┏[38;2;183;44;45;48;2;77;51;63m▅[38;2;112;44;50;48;2;14;14;18m▅[0m[38;2;49;44;55m▃[0m [38;2;0;0;0m        [0m [38;2;40;40;51m▗[38;2;140;34;35;48;2;35;29;37m▗[38;2;186;44;44;48;2;59;46;56m▆[38;2;178;44;44;48;2;52;42;53m▆[38;2;159;43;44;48;2;23;23;29m▅[0m[38;2;83;34;39m▆[38;2;49;29;34m▅[38;2;43;43;54m▄[38;2;36;36;46m▃▃[0m [38;2;0;0;0m   [0m
 [38;2;0;0;0m             [0m [38;2;0;0;0;48;2;21;21;27m┈[38;2;59;59;74;48;2;31;31;38m┈[38;2;68;68;84;48;2;31;31;39m╴[0m [7m[38;2;162;42;42m▅[38;2;99;36;40m╴[0m[38;2;139;41;44;48;2;43;43;54m▘[38;2;0;0;0;48;2;59;48;60m▁[38;2;43;25;31;48;2;188;45;45m▅[0m[7m[38;2;70;19;19m┈[38;2;66;25;27m▃[0m[38;2;65;65;80;48;2;29;29;37m┈[38;2;68;68;84;48;2;13;13;17m┈[0m[38;2;68;68;84m╴[0m [38;2;0;0;0m    [38;2;31;31;39m╺[38;2;68;68;84;48;2;17;17;22m┈[48;2;36;36;45m┈[48;2;45;26;31m┈[48;2;65;20;21m╴[0m[7m[38;2;120;35;35m▆[38;2;76;23;23m▆[0m      [38;2;0;0;0m   [0m
 [38;2;0;0;0m                                                 [0m
[?25h